11	11	2021	11	00	13	00
12	11	2021	13	00	15	00
13	11	2021	9	00	11	00
14	11	2021	16  00	18	00
15	11	2021	9	00	11	00
16	11	2021	11	00	13	00
17	11	2021	16	00	18	00
18	11	2021	13	00	15	00
19	11	2021	16	00	18	00
20	11	2021	13	00	15	00
21	11	2021	9	00	11	00
22  11  2021    11  00  13  00
1   10  2021    12  30  14  30
2   10  2021    15  30  17  30
3   10  2021    17  30  19  30
4   10  2021    15  30  17  30
5   10  2021    12  30  14  30
6   10  2021    9   30  11  30
7   10  2021    17  30  19  30
8   10  2021    9   30  11  30
9   10  2021    12  30  14  30
10  10  2021    15  30  17  30
11  10  2021    9   30  11  30
12  10  2021    17  30  19  30
3   10  2021    13	00	15	00
7   10  2021    16	00	18	00
9   10  2021    17  30  19  30
12  10  2021    15  30  17  30
16  10  2021    17  30  19  30
19  10  2021    13	00	15	00
21  10  2021    13	00	15	00
24  10  2021    9	00	11	00
30  10  2021    9	00	11	00
31  10  2021    15  30  17  30
3   11  2021    16	00	18	00
6   11  2021    16	00	18	00
19  11  2021    16	00	18	00
22  11  2021    15  30  17  30
26  11  2021    13	00	15	00
28  11  2021    9   30  11  30
30  11  2021    16	00	18	00
2   12  2021    17  30  19  30
6   12  2021    12  30  14  30
9   12  2021    13	00	15	00
10  12  2021    15  30  17  30
16  12  2021    12  30  14  30
17  12  2021    9	00	11	00
20  12  2021    16	00	18	00
1   10  2021    9	00	11	00
4   10  2021    9   30  11  30
7   10  2021    17  30  19  30
10  10  2021    12  30  14  30
11  10  2021    13	00	15	00
15  10  2021    9   30  11  30
17  10  2021    12  30  14  30
21  10  2021    16	00	18	00
23  10  2021    16	00	18	00
26  10  2021    17  30  19  30
28  10  2021    16	00	18	00
29  10  2021    9	00	11	00
